:Product: Solar Radio Data             45day_rad.txt
:Issued: 0922 UTC 02 Nov 2016
#
# Prepared by the U.S. Dept. of Commerce, NOAA, Space Weather Prediction Center
# Please send comments and suggestions to SWPC.Webmaster@noaa.gov
#  Units: 10^-22 W/m^2/Hz
#  Missing Data:  -1
#
#    Daily local noon solar radio flux values - Updated once an hour
#
  Freq  Learmonth  San Vito  Sag Hill  Penticton  Penticton  Palehua  Penticton
   MHZ   0500 UTC  1200 UTC  1700 UTC   1700 UTC   2000 UTC  2300 UTC  2300 UTC


2016 Sep 19
   245       -1        -1        20         -1         -1        17        -1
   410       -1        42        35         -1         -1        38        -1
   610       -1        56        44         -1         -1        46        -1
  1415       -1        63        59         -1         -1        61        -1
  2695       -1        78        83         -1         -1        81        -1
  2800       -1        -1        -1         84         83        -1        83
  4995       -1       128       121         -1         -1       117        -1
  8800       -1       258       244         -1         -1       172        -1
 15400       -1       545       449         -1         -1       517        -1


2016 Sep 20
   245       -1        -1        25         -1         -1        21        -1
   410       -1        53        39         -1         -1        41        -1
   610       -1        -1        47         -1         -1        47        -1
  1415       -1        62        58         -1         -1        62        -1
  2695       -1        84        84         -1         -1        82        -1
  2800       -1        -1        -1         84         85        -1        85
  4995       -1       128       124         -1         -1       120        -1
  8800       -1       261       261         -1         -1       192        -1
 15400       -1       545       523         -1         -1       534        -1


2016 Sep 21
   245       -1        35        22         -1         -1        28        -1
   410       -1        48        33         -1         -1        39        -1
   610       -1        -1        46         -1         -1        47        -1
  1415       -1        63        59         -1         -1        62        -1
  2695       -1        83        86         -1         -1        86        -1
  2800       -1        -1        -1         86         86        -1        85
  4995       -1       134       124         -1         -1       118        -1
  8800       -1       264       279         -1         -1       191        -1
 15400       -1       546       529         -1         -1       528        -1


2016 Sep 22
   245       -1        27        17         -1         -1        18        -1
   410       -1        41        31         -1         -1        35        -1
   610       -1        72        44         -1         -1        46        -1
  1415       -1        60        58         -1         -1        62        -1
  2695       -1        78        84         -1         -1        86        -1
  2800       -1        -1        -1         83         85        -1        83
  4995       -1       126       121         -1         -1       118        -1
  8800       -1       257       266         -1         -1       191        -1
 15400       -1       538       543         -1         -1       528        -1


2016 Sep 23
   245       -1        26        15         -1         -1        13        -1
   410       -1        44        32         -1         -1        35        -1
   610       -1        -1        44         -1         -1        46        -1
  1415       -1        61        60         -1         -1        61        -1
  2695       -1        77        87         -1         -1        85        -1
  2800       -1        -1        -1         86         86        -1        84
  4995       -1       126       126         -1         -1       119        -1
  8800       -1       251       260         -1         -1       281        -1
 15400       -1       538       541         -1         -1       532        -1


2016 Sep 24
   245       -1        31        14         -1         -1        16        -1
   410       -1        48        32         -1         -1        34        -1
   610       -1        76        43         -1         -1        41        -1
  1415       -1        60        58         -1         -1        62        -1
  2695       -1        81        86         -1         -1        86        -1
  2800       -1        -1        -1         84         85        -1        83
  4995       -1       126       121         -1         -1       118        -1
  8800       -1       257       249         -1         -1       191        -1
 15400       -1       540       525         -1         -1       528        -1


2016 Sep 25
   245       -1        21        15         -1         -1        16        -1
   410       -1        39        32         -1         -1        34        -1
   610       -1        -1        44         -1         -1        42        -1
  1415       -1        55        55         -1         -1        62        -1
  2695       -1        81        83         -1         -1        86        -1
  2800       -1        -1        -1         83         85        -1        82
  4995       -1       124       122         -1         -1       118        -1
  8800       -1       254       249         -1         -1       191        -1
 15400       -1       538       527         -1         -1       528        -1


2016 Sep 26
   245       16        -1        16         -1         -1        14        -1
   410       38        41        32         -1         -1        33        -1
   610       50        73        43         -1         -1        43        -1
  1415       56        58        56         -1         -1        62        -1
  2695       -1        78        83         -1         -1        86        -1
  2800       -1        -1        -1         85         87        -1        87
  4995      145       129       120         -1         -1       118        -1
  8800      241       260       256         -1         -1       309        -1
 15400      525       521       543         -1         -1       528        -1


2016 Sep 27
   245       16        -1        16         -1         -1        16        -1
   410       40        39        31         -1         -1        34        -1
   610       49        -1        43         -1         -1        43        -1
  1415       53        57        56         -1         -1        58        -1
  2695       -1        78        82         -1         -1        84        -1
  2800       -1        -1        -1         85         86        -1        84
  4995      138       127       118         -1         -1       117        -1
  8800      240       257       251         -1         -1       302        -1
 15400      531       541       524         -1         -1       531        -1


2016 Sep 28
   245       17        -1        16         -1         -1        -1        -1
   410       40        39        31         -1         -1        -1        -1
   610       50        -1        42         -1         -1        -1        -1
  1415       56        57        57         -1         -1        -1        -1
  2695       -1        77        92         -1         -1        -1        -1
  2800       -1        -1        -1         84         84        -1        84
  4995      154       126       121         -1         -1        -1        -1
  8800      245       258       255         -1         -1        -1        -1
 15400      530       541       519         -1         -1        -1        -1


2016 Sep 29
   245       15        17        15         -1         -1        15        -1
   410       43        39        32         -1         -1        34        -1
   610       48        -1        42         -1         -1        42        -1
  1415       53        57        54         -1         -1        59        -1
  2695       -1        83        83         -1         -1        86        -1
  2800       -1        -1        -1         81         83        -1        83
  4995      144       124       117         -1         -1       118        -1
  8800      240       256       242         -1         -1       307        -1
 15400      531       538       529         -1         -1       531        -1


2016 Sep 30
   245       19        21        16         -1         -1        16        -1
   410       44        53        32         -1         -1        35        -1
   610       49        -1        43         -1         -1        43        -1
  1415       54        54        52         -1         -1        56        -1
  2695       -1        75        81         -1         -1        77        -1
  2800       -1        -1        -1         79         81        -1        80
  4995      148       123       112         -1         -1       113        -1
  8800      240       253       240         -1         -1       293        -1
 15400      525       533       524         -1         -1       546        -1


2016 Oct 1
   245       17        20        16         -1         -1        16        -1
   410       43        44        32         -1         -1        35        -1
   610       60        -1        42         -1         -1        42        -1
  1415       53        55        54         -1         -1        56        -1
  2695       -1        76        82         -1         -1        78        -1
  2800       -1        -1        -1         79         81        -1        80
  4995      143       121       112         -1         -1       113        -1
  8800      238       252       215         -1         -1       307        -1
 15400      525       527       437         -1         -1       545        -1


2016 Oct 2
   245       18        -1        16         -1         -1        14        -1
   410       47        41        33         -1         -1        33        -1
   610       62        -1        43         -1         -1        44        -1
  1415       53        58        54         -1         -1        59        -1
  2695       -1        72        79         -1         -1        81        -1
  2800       -1        -1        -1         81         82        -1        84
  4995      149       123       115         -1         -1       118        -1
  8800      242       257       234         -1         -1       293        -1
 15400      525       534       487         -1         -1       525        -1


2016 Oct 3
   245       18        -1        20         -1         -1        16        -1
   410       47        45        32         -1         -1        35        -1
   610       61        71        45         -1         -1        47        -1
  1415       59        58        58         -1         -1        63        -1
  2695       -1        76        89         -1         -1        90        -1
  2800       -1        -1        -1         87         88        -1        90
  4995      144       127       124         -1         -1       125        -1
  8800      244       261       255         -1         -1       306        -1
 15400      533       540       527         -1         -1       534        -1


2016 Oct 4
   245       18        -1        16         -1         -1        15        -1
   410       46        45        33         -1         -1        35        -1
   610       63        65        46         -1         -1        45        -1
  1415       59        62        61         -1         -1        63        -1
  2695       -1        83        93         -1         -1        91        -1
  2800       -1        -1        -1         93         93        -1        93
  4995      144       132       124         -1         -1       124        -1
  8800      244       257       248         -1         -1       233        -1
 15400      533       523       528         -1         -1       539        -1


2016 Oct 5
   245       18        -1        16         -1         -1        18        -1
   410       47        41        33         -1         -1        35        -1
   610       62        62        46         -1         -1        45        -1
  1415       66        64        64         -1         -1        67        -1
  2695       -1        93        99         -1         -1        98        -1
  2800       -1        -1        -1         97         99        -1        99
  4995      154       133       129         -1         -1       127        -1
  8800      247       262       261         -1         -1       246        -1
 15400      538       544       528         -1         -1       530        -1


2016 Oct 6
   245       21        -1        19         -1         -1        18        -1
   410       48        41        37         -1         -1        36        -1
   610       65        76        47         -1         -1        46        -1
  1415       67        67        64         -1         -1        69        -1
  2695       -1        98       101         -1         -1       104        -1
  2800       -1        -1        -1        102        102        -1       102
  4995      161       140       132         -1         -1       128        -1
  8800      252       271       263         -1         -1       232        -1
 15400      530       541       533         -1         -1       534        -1


2016 Oct 7
   245       17        -1        17         -1         -1        15        -1
   410       44        34        34         -1         -1        36        -1
   610       57        -1        47         -1         -1        47        -1
  1415       67        69        66         -1         -1        74        -1
  2695       -1        98       104         -1         -1       108        -1
  2800       -1        -1        -1        104        104        -1       106
  4995      161       131       133         -1         -1       132        -1
  8800      252       252       251         -1         -1       237        -1
 15400      530       399       535         -1         -1       528        -1


2016 Oct 8
   245       19        -1        24         -1         -1        17        -1
   410       46        -1        44         -1         -1        38        -1
   610       69        -1        52         -1         -1        49        -1
  1415       78        70        68         -1         -1        71        -1
  2695       -1        99       107         -1         -1       105        -1
  2800       -1        -1        -1        106        104        -1       104
  4995      162       141       135         -1         -1       132        -1
  8800      246       272       264         -1         -1       246        -1
 15400      518       549       532         -1         -1       544        -1


2016 Oct 9
   245       33        -1        30         -1         -1        26        -1
   410       51        53        37         -1         -1        35        -1
   610       73        -1        47         -1         -1        46        -1
  1415       69        69        66         -1         -1        69        -1
  2695       -1        96       107         -1         -1       105        -1
  2800       -1        -1        -1        104        105        -1       105
  4995      171       139       128         -1         -1       129        -1
  8800      254       268       217         -1         -1       240        -1
 15400      528       540       387         -1         -1       537        -1


2016 Oct 10
   245       -1        -1        19         -1         -1        12        -1
   410       -1        43        34         -1         -1        34        -1
   610       -1        68        47         -1         -1        47        -1
  1415       -1        68        66         -1         -1        69        -1
  2695       -1        97       106         -1         -1       103        -1
  2800       -1        -1        -1        103        102        -1       103
  4995       -1       139       128         -1         -1       125        -1
  8800       -1       266       256         -1         -1       236        -1
 15400       -1       541       544         -1         -1       530        -1


2016 Oct 11
   245       19        -1        17         -1         -1        15        -1
   410       46        40        33         -1         -1        35        -1
   610       66        64        46         -1         -1        47        -1
  1415       69        70        65         -1         -1        69        -1
  2695       -1        86       100         -1         -1        99        -1
  2800       -1        -1        -1        101         99        -1       100
  4995      158       140       130         -1         -1       130        -1
  8800      251       273       257         -1         -1       248        -1
 15400      527       548       536         -1         -1       534        -1


2016 Oct 12
   245       18        -1        16         -1         -1        16        -1
   410       45        42        33         -1         -1        35        -1
   610       66        57        46         -1         -1        48        -1
  1415       71        69        66         -1         -1        69        -1
  2695       -1        95        92         -1         -1        99        -1
  2800       -1        -1        -1         98         98        -1        99
  4995      147       139       129         -1         -1       130        -1
  8800      252       263       257         -1         -1       253        -1
 15400      526       492       537         -1         -1       542        -1


2016 Oct 13
   245       15        -1        18         -1         -1        10        -1
   410       45        43        33         -1         -1        29        -1
   610       61        53        46         -1         -1        43        -1
  1415       67        67        65         -1         -1        69        -1
  2695       60        96        95         -1         -1        96        -1
  2800       -1        -1        -1         96         95        -1        96
  4995      149       140       127         -1         -1       126        -1
  8800      252       271       260         -1         -1        -1        -1
 15400      525       494       533         -1         -1       537        -1


2016 Oct 14
   245       16        -1        17         -1         -1        15        -1
   410       36        43        34         -1         -1        31        -1
   610       46        55        47         -1         -1        36        -1
  1415       69        65        60         -1         -1        -1        -1
  2695       -1        84        96         -1         -1        -1        -1
  2800       -1        -1        -1         94         93        -1        92
  4995      149       136       130         -1         -1        -1        -1
  8800      250       267       256         -1         -1        -1        -1
 15400      521       482       537         -1         -1        -1        -1


2016 Oct 15
   245       49        -1        22         -1         -1        16        -1
   410       43        54        36         -1         -1        35        -1
   610       51        -1        46         -1         -1        45        -1
  1415       64        59        56         -1         -1        60        -1
  2695       -1        85        87         -1         -1        84        -1
  2800       -1        -1        -1         85         85        -1        83
  4995      149       130       120         -1         -1       115        -1
  8800      242       260       249         -1         -1         0        -1
 15400      516       480       538         -1         -1       531        -1


2016 Oct 16
   245       15        -1        16         -1         -1        17        -1
   410       34        40        32         -1         -1        35        -1
   610       46        45        43         -1         -1        44        -1
  1415       60        58        54         -1         -1        56        -1
  2695       -1        79        84         -1         -1        78        -1
  2800       -1        -1        -1         83         81        -1        80
  4995      142       124       118         -1         -1       111        -1
  8800      240       249       248         -1         -1       165        -1
 15400      515       477       521         -1         -1       525        -1


2016 Oct 17
   245       20        -1        15         -1         -1        14        -1
   410       38        39        31         -1         -1        34        -1
   610       47        41        41         -1         -1        44        -1
  1415       59        52        53         -1         -1        56        -1
  2695       -1        78        78         -1         -1        77        -1
  2800       -1        -1        -1         76         76        -1        77
  4995      137       119       115         -1         -1       111        -1
  8800      237       247       237         -1         -1        -1        -1
 15400      516       473       525         -1         -1       521        -1


2016 Oct 18
   245       15        -1        15         -1         -1        15        -1
   410       35        38        32         -1         -1        34        -1
   610       46        -1        43         -1         -1        44        -1
  1415       59        56        53         -1         -1        56        -1
  2695       -1        72        82         -1         -1        77        -1
  2800       -1        -1        -1         78         77        -1        78
  4995      135       119       115         -1         -1       110        -1
  8800      238       249       245         -1         -1        -1        -1
 15400      523       479       510         -1         -1       532        -1


2016 Oct 19
   245       14        -1        14         -1         -1        -1        -1
   410       33        36        29         -1         -1        -1        -1
   610       44        -1        40         -1         -1        -1        -1
  1415       55        56        49         -1         -1        -1        -1
  2695       -1        71        79         -1         -1        -1        -1
  2800       -1        -1        -1         76         77        -1        77
  4995      138       119       117         -1         -1        -1        -1
  8800      239       248       259         -1         -1        -1        -1
 15400      516       481       535         -1         -1        -1        -1


2016 Oct 20
   245       14        -1        15         -1         -1        14        -1
   410       33        34        30         -1         -1        34        -1
   610       45        -1        41         -1         -1        42        -1
  1415       49        54        51         -1         -1        55        -1
  2695       -1        70        77         -1         -1        79        -1
  2800       -1        -1        -1         76         75        -1        76
  4995      137       118       112         -1         -1       108        -1
  8800      238       251       239         -1         -1         0        -1
 15400      509       474       525         -1         -1       538        -1


2016 Oct 21
   245       13        -1        14         -1         -1        15        -1
   410       32        -1        30         -1         -1        32        -1
   610       43        -1        40         -1         -1        39        -1
  1415       48        53        48         -1         -1        52        -1
  2695       -1        73        82         -1         -1        75        -1
  2800       -1        -1        -1         77         78        -1        77
  4995      126       118       115         -1         -1       103        -1
  8800      235       246       248         -1         -1        -1        -1
 15400      522       480       519         -1         -1       520        -1


2016 Oct 22
   245       14        -1        14         -1         -1        -1        -1
   410       32        38        31         -1         -1        -1        -1
   610       42        -1        39         -1         -1        -1        -1
  1415       53        53        49         -1         -1        -1        -1
  2695       -1        85        77         -1         -1        -1        -1
  2800       -1        -1        -1         77         78        -1        77
  4995      136       118       109         -1         -1        -1        -1
  8800      238       247       215         -1         -1        -1        -1
 15400      509       478       427         -1         -1        -1        -1


2016 Oct 23
   245       13        37        15         -1         -1        14        -1
   410       30        44        31         -1         -1        31        -1
   610       40        -1        41         -1         -1        41        -1
  1415       48        54        47         -1         -1        55        -1
  2695       -1        67        82         -1         -1        74        -1
  2800       -1        -1        -1         77         77        -1        77
  4995      141       119       113         -1         -1       107        -1
  8800      239       249       245         -1         -1         0        -1
 15400      516       475       525         -1         -1       525        -1


2016 Oct 24
   245       14        -1        14         -1         -1         9        -1
   410       31        -1        29         -1         -1        25        -1
   610       42        -1        39         -1         -1        34        -1
  1415       52        -1        48         -1         -1        51        -1
  2695       -1        -1        75         -1         -1        71        -1
  2800       -1        -1        -1         76         75        -1        76
  4995      137        -1       112         -1         -1       107        -1
  8800      236        -1       242         -1         -1         0        -1
 15400      509        -1       529         -1         -1       508        -1


2016 Oct 25
   245       14        19        14         -1         -1        12        -1
   410       31        -1        29         -1         -1        28        -1
   610       42        -1        40         -1         -1        38        -1
  1415       50        53        48         -1         -1        53        -1
  2695       -1        76        79         -1         -1        75        -1
  2800       -1        -1        -1         77         78        -1        78
  4995      140       118       115         -1         -1       110        -1
  8800      238       243       250         -1         -1        -1        -1
 15400      519       474       516         -1         -1       531        -1


2016 Oct 26
   245       14        -1        15         -1         -1        -1        -1
   410       31        41        30         -1         -1        -1        -1
   610       43        -1        41         -1         -1        -1        -1
  1415       48        52        47         -1         -1        -1        -1
  2695       -1        73        80         -1         -1        -1        -1
  2800       -1        -1        -1         78         78        -1        77
  4995      139       119       115         -1         -1        -1        -1
  8800      236       248       248         -1         -1        -1        -1
 15400      513       471       520         -1         -1        -1        -1


2016 Oct 27
   245       15        -1        15         -1         -1        13        -1
   410       33        37        31         -1         -1        32        -1
   610       44        -1        41         -1         -1        42        -1
  1415       49        51        48         -1         -1        53        -1
  2695       -1        73        82         -1         -1        77        -1
  2800       -1        -1        -1         78         79        -1        79
  4995       -1       117       114         -1         -1       109        -1
  8800      233       250       246         -1         -1         0        -1
 15400      506       433       519         -1         -1       512        -1


2016 Oct 28
   245       16        19        17         -1         -1        15        -1
   410       35        40        32         -1         -1        34        -1
   610       44        -1        42         -1         -1        43        -1
  1415       48        53        50         -1         -1        54        -1
  2695       -1        72        78         -1         -1        77        -1
  2800       -1        -1        -1         79         79        -1        78
  4995      151       116       113         -1         -1       110        -1
  8800      231       241       226         -1         -1       238        -1
 15400      493       427       475         -1         -1       529        -1


2016 Oct 29
   245       16        17        15         -1         -1        15        -1
   410       33        41        32         -1         -1        34        -1
   610       43        -1        43         -1         -1        43        -1
  1415       49        53        52         -1         -1        52        -1
  2695       -1        75        83         -1         -1        74        -1
  2800       -1        -1        -1         79         79        -1        79
  4995      140       121       116         -1         -1        98        -1
  8800      218       261       241         -1         -1       190        -1
 15400      500       454       516         -1         -1       505        -1


2016 Oct 30
   245       16        23        14         -1         -1       375        -1
   410       35        42        31         -1         -1        34        -1
   610       44        -1        42         -1         -1        43        -1
  1415       56        54        49         -1         -1        53        -1
  2695       -1        78        81         -1         -1        73        -1
  2800       -1        -1        -1         77         76        -1        76
  4995      138       114       113         -1         -1       108        -1
  8800      233       235       247         -1         -1       213        -1
 15400      510       456       514         -1         -1       520        -1


2016 Oct 31
   245       15        19        15         -1         -1        15        -1
   410       33        41        31         -1         -1        34        -1
   610       45        -1        42         -1         -1        42        -1
  1415       54        52        47         -1         -1        54        -1
  2695       -1        72        77         -1         -1        75        -1
  2800       -1        -1        -1         76         77        -1        78
  4995      129       120       111         -1         -1       108        -1
  8800      236       257       237         -1         -1       234        -1
 15400      511       448       524         -1         -1       528        -1


2016 Nov 1
   245       15        16        15         -1         -1        13        -1
   410       34        41        31         -1         -1        32        -1
   610       48        -1        43         -1         -1        43        -1
  1415       54        52        50         -1         -1        54        -1
  2695       -1        74        80         -1         -1        74        -1
  2800       -1        -1        -1         76         77        -1        76
  4995      136       120       110         -1         -1       107        -1
  8800      242       258       237         -1         -1       234        -1
 15400      513       452       517         -1         -1       513        -1


2016 Nov 2
   245       15        -1        -1         -1         -1        -1        -1
   410       33        -1        -1         -1         -1        -1        -1
   610       44        -1        -1         -1         -1        -1        -1
  1415       54        -1        -1         -1         -1        -1        -1
  2695       -1        -1        -1         -1         -1        -1        -1
  2800       -1        -1        -1         -1         -1        -1        -1
  4995      136        -1        -1         -1         -1        -1        -1
  8800      242        -1        -1         -1         -1        -1        -1
 15400      513        -1        -1         -1         -1        -1        -1
